122117
132215
132216
132217
132218
132219
132220
132221
132222
132223
132224
132225
132226
132227
132228
132229
132230
132231
132232
132233
132234
132235
132236
132237
132238
132239
132240
132591
132592
132593
132594
132595
132596
132597
132598
132599
132600
132601
132602
132603
132604
132605
132606
132607
132608
132609
132611
132612
132614
132615
132616
132696
132697
132698
132699
132700
132701
132702
132703
132704
132705
132706
132707
132708
132709
132710
132711
132712
132713
132714
132715
134502
134503
134504
134505
134506
134507
134508
134509
134510
134511
136965
136966
136967
136968
136971
136972
136973
136974
136975
136976
136977
136978
136979
136980
138381
138382
138383
138384
138385
138386
138387
138388
138389
138390
138391
138392
138393
138394
140184
140185
140186
140187
140188
140189
140190
140191
140192
140193
140194
140195
140197
140198
140905
140906
140907
140908
140912
140913
140914
140915
140916
140917
140918
140919
140920
140921
140922
140923
140924
140925
140926
140927
140928
140930
141180
141181
141182
141183
141213
141214
141215
141216
141217
141218
141219
141220
141221
141222
141223
141224
141225
141227
141533
141534
141535
141536
141537
141538
141539
141540
141543
141544
141545
141546
141547
141548
141549
141550
141551
141552
141553
141554
141555
141556
141557
141558
141559
141560
141561
141562
141563
141564
142107
142109
142110
142111
142112
142113
142114
142115
142116
142117
142118
142119
142120
142121
142124
142125
142126
142128
142129
142130
142131
144225
144226
144227
144228
144231
144233
144234
144235
144236
144237
144238
144239
144240
144241
144242
144243
144244
144245
144246
144247
144248
144249
144254
144255
144256
144257
144263
144264
144265
144266
144268
144269
144270
144271
144272
144273
144274
144275
144278
144279
144280
144281
144282
144283
144284
144286
144287
144288
144291
144292
144293
144294
144299
144300
144307
144308
144309
144310
144311
144313
144314
144315
144316
144317
144318
144319
144320
144321
144322
144323
144335
144336
144337
144338
144339
144340
144341
144342
145172
145173
145174
145175
145176
145177
145178
145179
145180
145181
145182
145183
145184
145185
145186
145187
145188
145189
145190
145191
145192
145198
145199
145200
145201
145202
145203
145387
146076
146077
146078
146079
146080
146081
146082
146083
146084
146085
146086
146087
146088
146089
146090
146091
146092
146093
146094
146095
146096
146097
146098
146099
146100
146101
146102
146103
146104
146105
146106
146107
146108
146118
146119
146120
146121
146122
146123
146124
146125
146126
146127
146128
147640
147642
147654
147658
147659
147660
147661
147662
147663
147664
147666
147667
149388
149899
149900
149901
149902
149903
149904
149905
149941
149942
149943
149944
149945
149946
149947
149948
149949
149950
149951
149952
149953
149954
149955
149956
150110
150111
150112
150113
150114
150117
150118
150119
150120
150121
150123
150126
150402
150403
150404
150405
150406
150407
150409
150413
150414
150416
150417
150419
150420
150610
150616
150792
150902
150907
150908
150909
150910
152814
152815
152816
152817
152818
152820
152821
152822
152823
152824
152825
152826
152827
153061
153062
153063
153064
153065
153066
153067
153068
153069
153070
153071
153072
153073
153074
153075
153076
153077
153078
153079
153080
153081
153082
153083
153084
153495
153496
153497
153498
153499
153500
153504
153589
153590
153591
153592
153593
153594
153595
153596
153597
153598
153599
153600
154117
154118
154119
154121
154122
154123
154124
154125
154126
154319
154322
154327
154328
154329
154330
154331
154332
154333
154334
154335
154336
154337
154338
154339
154340
154341
154342
154343
154344
154345
154346
154347
154348
154349
154427
154428
154429
154430
154431
154432
154433
154434
154435
154436
154437
154438
155225
155226
155227
155228
155229
155230
155231
155232
155233
155234
155235
155236
155237
155238
155239
155240
155241
155242
155243
155244
155245
155246
155247
155248
155249
155250
155251
155252
155253
155254
155255
155256
155257
155258
155259
156753
156754
156755
156756
156757
156758
156759
156760
156761
156762
156763
156764
156765
156768
156770
156771
156772
156773
156774
156775
156776
156777
156779
156780
156781
157102
157722
157723
157724
157725
157726
157727
157728
157729
157730
157731
157732
157733
157734
157735
157736
157737
157738
157739
157740
157741
157742
157743
157744
157745
157746
157747
157748
157749
157750
157751
157752
157753
157754
157755
157756
157757
157758
157759
158513
158514
158515
158516
158517
158518
158519
158520
158521
158522
158523
158524
158525
158526
158527
158528
158531
158533
158535
158536
158537
158538
158539
158540
158541
158542
158543
158544
158545
159242
159243
159244
159245
159246
159247
159248
159249
159250
159251
159252
159253
159254
159255
159256
159257
159258
159259
159260
162742
162743
162744
162745
162746
162747
162748
162749
162750
162751
162752
162753
162754
163117
163144
163145
163146
163147
163148
163149
163150
163151
163152
163153
163154
163155
163156
163157
163158
163161
163162
163163
163164
163165
163166
163167
163168
163169
163170
163171
163172
163173
163174
163175
163176
163177
163178
163179
163180
163181
163182
163183
163184
164879
164911
165248
165249
165427
165428
165429
165430
165431
165432
165433
165434
165436
165437
165438
165439
165440
165441
165442
165443
165444
165445
165446
165447
165450
165451
165452
165453
165454
165455
165460
165461
165462
165463
165464
165465
165466
165467
165468
165469
165470
165742
165743
165744
165745
165746
165747
165748
165749
165750
165751
165752
165753
165754
165756
165757
165758
165762
166169
166348
166578
167297
167303
167445
167449
167572
167605
169083
169084
169085
169086
169087
169099
169100
169101
169102
169103
169104
169108
169109
169110
169112
169113
169114
169115
169116
169117
169118
169119
169120
169121
169122
169123
169124
169125
169126
169127
169128
169129
169130
169131
169132
169133
169571
169572
169573
169574
169599
169605
170089
170090
170237
170251
170256
170337
170338
170497
170503
170657
170658
170659
170660
170661
170662
170663
170664
170665
170666
170667
170669
170670
170671
170672
170675
170677
170678
170679
170680
170714
170715
170716
170717
170718
170719
170720
170721
170722
170723
170724
170725
170727
170728
170729
170730
170731
170783
170790
170791
170792
170793
170794
170795
170796
170797
170798
170799
170800
170801
170802
170803
170805
170806
170807
170808
170809
170810
170811
170812
170813
170814
170815
170816
170881
171167
171169
171569
171623
171998
171999
172000
172001
172002
172003
172004
172005
172006
172007
172008
172009
172010
172011
172012
172013
172015
172016
172017
172018
172019
172020
172021
172022
172023
172024
172025
172026
172028
172453
173267
173378
173842
173857
173956
174082
174761
174767
174823
174864
174968
174970
175239
175240
175241
175242
175244
175245
175247
175248
175249
175250
175251
175252
175280
175288
175711
175855
175954
175955
175956
175957
175958
175959
175960
175961
175962
175963
175964
175965
175966
175967
175968
175969
175970
175971
175972
175973
175974
175975
175976
175977
175978
175979
175980
175981
175982
175983
175984
175985
175986
175987
175988
175989
176003
176004
176005
176006
176007
176008
176009
176010
176011
176012
176013
176014
176015
176016
176017
176031
176032
176033
176034
176035
176036
176037
176038
176039
176040
176041
176042
176043
176044
176045
176046
176047
176048
176049
176050
176051
176052
176053
176054
176055
176056
176057
176058
176059
176060
176061
176162
176189
176460
176516
176517
176518
176519
176520
176521
176522
176523
176524
176525
176526
176527
176528
176529
176531
176532
176533
176534
176535
176536
176537
176538
176539
176540
176541
176543
176544
176545
176546
176547
176548
176549
176550
176551
177013
178609
178625
178626
178627
178628
178629
178630
178631
178632
178633
178634
178635
178636
178637
178639
178640
178641
178642
178872
178874
178875
178876
178877
178878
178879
178880
179101
179106
179371
179828
180260
180280
180619
180625
180661
180666
180719
180721
180908
